1465774406863 61531957775 1875739.5529640429
1465774407871 61532230572 2165055.5555555555
1465774408878 61532381328 1197664.3495531282
1465774409881 61532515257 1068227.3180458625
1465774410943 61532743770 1721378.5310734462
1465774412002 61532982486 1803331.4447592068
1465774413036 61533214729 1796851.063829787
1465774414014 61533423656 1709014.3149284255
1465774415048 61533658658 1818197.2920696323
1465774416026 61533896642 1946699.3865030676
1465774465610 61537475963 2808782.3691460057
1465774466617 61537694764 1738240.3177755713
1465774467622 61537891672 1567426.865671642
1465774468629 61538152216 2069862.9592850052
1465774469637 61538310077 1252865.0793650793
1465774470641 61538362680 419147.41035856574
1465774471676 61538617432 1969097.584541063
1465774472655 61538861246 1992351.3789581205
1465774473659 61539125438 2105115.537848606
1465774474665 61539358979 1857184.8906560636
